start=48.200000
pause=yes
volume=86.000000
